# axis 0: x
# datapoints
3.136763e-02
3.204101e-02
3.255209e-02
3.313453e-02
3.354579e-02
3.447087e-02
3.526093e-02
3.601008e-02
3.668379e-02
3.718855e-02
3.803727e-02
3.850597e-02
3.930818e-02
4.061738e-02
4.173623e-02
4.196391e-02
4.297379e-02
4.334634e-02
4.387889e-02
4.692633e-02
4.789272e-02
4.854369e-02
4.882812e-02
5.010020e-02
5.070994e-02
5.192108e-02
5.197505e-02
5.271481e-02
5.543237e-02
5.605381e-02
5.688282e-02

# axis 1: y
# datapoints
8.333137e-01
8.479333e-01
8.607103e-01
8.690436e-01
8.799980e-01
9.053581e-01
9.159162e-01
9.636788e-01
9.802161e-01
9.848253e-01
1.008537e+00
1.050700e+00
1.050700e+00
1.083308e+00
1.106195e+00
1.138258e+00
1.119997e+00
1.161402e+00
1.189997e+00
1.271900e+00
1.303565e+00
1.314474e+00
1.314474e+00
1.359997e+00
1.377892e+00
1.408786e+00
1.393167e+00
1.427997e+00
1.532484e+00
1.594717e+00
1.555244e+00

