#Aufgabe 4	
#Zeit	freq
0	33
30	31.96
60	31.02
90	30.02
120	29.18
150	28.31
180	27.42
210	26.62
240	25.79
270	25
300	24.24
330	23.49
360	22.74
390	22.03
420	21.31
450	20.63
480	19.94
510	19.29
540	18.66
570	18
600	17.38
630	16.78
660	16.19
690	15.61
720	15.05
750	14.49
780	13.95
810	13.43
840	12.9
870	12.39
900	11.89
930	11.4
960	10.93
990	10.45
1020	10
1050	9.54
1080	9.09
1110	8.66
1140	8.23
1170	7.81
1200	7.41
1230	7.01
1260	6.62
1290	6.23
1320	5.85
1350	5.47
1380	5.12
1410	4.77
1440	4.46
1470	4.18
1500	3.91
1530	3.65
1560	3.4
1590	3.15
1620	2.91
1650	2.68
1680	2.46
