# axis 0: x
# datapoints
3.393281e-02
3.453039e-02
3.552398e-02
3.628447e-02
3.773585e-02
3.846154e-02
4.125413e-02
4.078303e-02
4.264392e-02
4.411116e-02
4.484305e-02
4.595588e-02
4.732608e-02
4.923683e-02
5.070994e-02
5.307855e-02
5.428882e-02
5.518764e-02
5.906674e-02
5.913661e-02
6.176652e-02
6.345177e-02
6.506181e-02
6.729475e-02
6.854010e-02
7.423905e-02

# axis 1: y
# datapoints
4.633617e-01
4.763598e-01
4.878249e-01
4.931857e-01
5.133321e-01
5.244730e-01
5.430584e-01
5.477930e-01
5.785622e-01
6.001132e-01
6.064851e-01
6.308419e-01
6.417963e-01
6.741616e-01
6.844428e-01
7.255411e-01
7.314535e-01
7.560993e-01
7.993875e-01
7.993875e-01
8.456509e-01
8.678433e-01
8.963174e-01
9.066646e-01
1.008537e+00
1.048946e+00

